1069
14
322
2512
1624
1170
594
3016
748
3017
3018
646
1111
763
765
3019
3020
3021
594
3022
1610
3023
1174
3024
3025
3026
3027
915
2551
3028
442
3029
3030
916
3031
3032
3033
3034
3035
3030
3036
3037
1068
1068
2521
2501
1481
1646
2501
1650
277
3038
276
1178
3039
138
1066
2544
1061
3040
1149
3041
984
3042
3043
284
3044
2542
1063
387
995
3045
646
3046
2543
1119
3047
3020
646
748
330
3017
3048
1070
763
3049
3050
3051
765
3052
1241
3053
3054
389
284
308
3012
1650
330
1111
1095
622
3055
3056
2527
963
3057
990
3058
895
3059
3053
646
3060
2038
895
3061
3062
3062
990
329
915
1199
2891
1
863
1
1201
1202
