773
2331
2331
2332
2333
766
766
2334
2335
2336
2337
2338
2339
2340
2341
2342
2343
771
2344
2345
2346
2347
2348
2349
2350
2351
2352
2353
2354
2355
2356
2357
2350
2358
2337
2338
2339
2359
2360
2361
2362
2363
2358
2364
775
2365
2366
2367
2368
2364
2369
2370
2371
2372
782
786
2373
2369
2374
2336
2375
2376
2377
2378
2374
2379
2380
2370
2381
2382
2383
2384
2385
2386
2387
2388
2389
2390
2391
2392
2393
772
2394
2394
2394
2395
2395
1200
1200
780
780
2396
2396
2397
2398
2399
2400
2401
2402
2403
2404
2405
2406
