865
2501
2502
14
1070
24
1183
2503
875
2504
2505
1225
2506
2506
2507
2508
1166
2327
2327
2509
2509
2510
1168
397
748
2511
2512
2513
2514
2515
389
995
2511
2516
2517
2518
2519
397
2520
2521
2522
2523
2524
895
990
990
2525
895
2526
2526
2527
2528
2529
2530
2531
895
2532
2532
2533
66
2534
2535
276
598
2536
2537
2538
1111
59
2539
2540
277
1066
2541
2542
2543
284
1121
2544
2545
1149
878
2546
2547
1738
8
591
2548
963
2549
878
2550
1656
575
887
1070
875
2504
2505
1225
2506
2506
2507
2508
1166
2327
2327
2509
2509
2510
1168
397
748
2511
2512
2513
2514
2515
389
995
2511
2516
2517
2518
2519
397
2520
2521
2522
2523
2524
895
990
990
2525
895
2526
2526
2527
2528
2529
2530
2531
895
2532
2532
2533
66
2534
2535
276
598
2536
2537
2538
1111
59
2539
2540
277
1066
2541
2542
2543
284
1121
2544
2545
1149
878
2546
2547
1738
8
591
2548
963
2549
878
2550
1656
575
915
2551
2552
2553
2554
2555
2551
2556
2557
2558
1061
1650
